0.12051844596862793 0
0.22076964378356934 0
0.3210461139678955 0
0.4213254451751709 0
0.5217773914337158 0
0.6220202445983887 0
0.7222239971160889 0
0.8224103450775146 0
0.9225828647613525 0
1.022890329360962 0
1.123091697692871 0
1.223278284072876 0
1.3244059085845947 0
1.4248807430267334 0
1.5251877307891846 0
1.6253769397735596 0
1.725822925567627 0
1.8260884284973145 0
1.9265727996826172 0
2.0268516540527344 0
2.1271684169769287 0
2.227421522140503 0
2.3278913497924805 0
2.4281089305877686 0
2.5283544063568115 0
2.628605842590332 0
2.7290265560150146 0
2.8292882442474365 0
2.929530382156372 0
3.029764175415039 0
3.1300089359283447 0
3.230254888534546 0
3.3304965496063232 0
3.430758237838745 0
3.5310769081115723 0
3.6313211917877197 0
3.731656551361084 0
3.83195424079895 0
3.9323489665985107 0
4.03261137008667 0
4.13285493850708 0
4.233129024505615 0
4.333526849746704 0
4.433934688568115 0
4.534386157989502 0
4.634569883346558 0
4.734906435012817 0
4.835351467132568 0
4.935826778411865 0
5.0361857414245605 0
5.136515140533447 0
5.23690128326416 0
5.3373072147369385 0.0
5.437619686126709 0.0
5.538061618804932 0.0
5.638303995132446 0.0
5.738680124282837 0.0
5.8397057056427 0.0
5.940072298049927 0.0
6.0402703285217285 0.0
6.140513181686401 0.0
6.240900039672852 0.0
6.341365814208984 0.0
6.441715717315674 0.0
6.541940212249756 0.0
6.642193794250488 0.0
6.742688417434692 0.0
6.842939376831055 0.0
6.943293809890747 0.0
7.043517351150513 0.0
7.143766164779663 0.0
7.244147539138794 10.0
7.344391584396362 0.0
7.444839000701904 0.0
7.545076131820679 0.0
7.64570689201355 0.0
7.746147394180298 0.0
7.846445083618164 0.0
7.946798801422119 0.0
8.04702091217041 0.0
8.147265434265137 0.0
8.247699499130249 0.0
8.347944498062134 0.0
8.448354959487915 0.0
8.548570156097412 0.0
8.648824691772461 0.0
8.749238729476929 0.0
8.849492073059082 0.0
8.949713468551636 0.0
9.049975872039795 0.0
9.150230169296265 0.0
9.250558853149414 0.0
9.350785493850708 0.0
9.4510338306427 0.0
9.551297187805176 0.0
9.651772022247314 0.0
9.752084255218506 0.0
9.85243535041809 0.0
9.953976154327393 -2.0
10.054441928863525 -2.0
10.154735326766968 -2.0
10.255040168762207 -2.0
10.355424642562866 -2.0
10.45581316947937 -2.0
10.556135177612305 -2.0
10.656712293624878 -2.0
10.757062911987305 -2.0
10.857476234436035 -2.0
10.957847118377686 -2.0
11.058205604553223 -2.0
11.158568143844604 -2.0
11.258880138397217 -2.0
11.359221458435059 -2.0
11.459532260894775 -2.0
11.55981993675232 -2.0
11.660052299499512 -2.0
11.760360479354858 -2.0
11.860558032989502 -2.0
11.960742950439453 -2.0
12.06227993965149 -2.0
12.162572145462036 -2.0
12.26284122467041 -2.0
12.363160610198975 -2.0
12.463445663452148 -2.0
12.563761234283447 -2.0
12.663966417312622 -2.0
12.764178276062012 -2.0
12.864464521408081 -2.0
12.96478271484375 -2.0
13.065332174301147 -2.0
13.165529489517212 -2.0
13.265738248825073 -2.0
13.366003274917603 -2.0
13.466285705566406 -1.0
13.566485404968262 -1.0
13.666692733764648 -1.0
13.766944408416748 -1.0
13.867202758789062 -1.0
13.967408418655396 -1.0
14.067632675170898 -1.0
14.167903184890747 -1.0
14.268211364746094 -1.0
14.368505001068115 -1.0
14.468796730041504 -1.0
14.569089651107788 -1.0
14.669297933578491 -1.0
14.769547462463379 -1.0
14.869795560836792 -1.0
14.970093250274658 -1.0
15.070458889007568 -1.0
15.172459125518799 -1.0
15.27324366569519 -1.0
15.37361454963684 0.0
15.47398829460144 0.0
15.57428526878357 0.0
15.674588918685913 0.0
15.774980545043945 0.0
15.87531065940857 0.0
15.97572922706604 0.0
16.076007843017578 0.0
16.176408052444458 0.0
16.278406858444214 0.0
16.378989696502686 0.0
16.479304552078247 0.0
16.579606771469116 -1.0
16.679834365844727 -1.0
16.78011727333069 -1.0
16.880369186401367 -1.0
16.980799198150635 -1.0
17.08110809326172 -1.0
17.181334495544434 -1.0
17.281566619873047 -1.0
17.38183307647705 -1.0
17.482303857803345 -1.0
17.582675218582153 -1.0
17.682897567749023 -1.0
17.78312349319458 -1.0
17.88346791267395 -1.0
17.98457360267639 -1.0
18.084949254989624 -1.0
18.185149908065796 -1.0
18.285473585128784 -1.0
18.38585638999939 -1.0
18.486133813858032 -1.0
18.586389541625977 -1.0
18.686805963516235 -1.0
18.787556648254395 -1.0
18.887892246246338 -1.0
18.98807668685913 -1.0
19.08826518058777 -1.0
19.188454389572144 -1.0
19.288705348968506 -1.0
19.38894748687744 -1.0
19.489258527755737 -1.0
19.589459657669067 -1.0
19.689699411392212 0.0
19.789932012557983 0.0
19.890159606933594 -2.0
19.990402698516846 -2.0
20.0908043384552 -2.0
20.191136360168457 -2.0
20.29150629043579 -2.0
20.39186429977417 -2.0
20.492225646972656 -2.0
20.592534065246582 -2.0
20.692894458770752 -2.0
20.793389320373535 -2.0
20.893725395202637 -2.0
20.993950605392456 -2.0
21.09415602684021 -2.0
21.1943838596344 -2.0
21.294559717178345 -2.0
21.39483380317688 -2.0
21.495354652404785 -2.0
21.595816135406494 -2.0
21.696044921875 -2.0
21.796291828155518 -2.0
21.896524667739868 -2.0
21.996785163879395 -2.0
22.097153663635254 -2.0
22.19757080078125 -2.0
22.297954320907593 -2.0
22.39828634262085 -2.0
22.498701095581055 -2.0
22.599061489105225 -2.0
22.699398279190063 -2.0
22.80040979385376 -2.0
22.900864839553833 -2.0
23.00116801261902 -2.0
23.10141372680664 -2.0
23.201716423034668 -2.0
23.301952123641968 -2.0
23.40215492248535 -2.0
23.502416133880615 -2.0
23.602641105651855 -2.0
23.70430588722229 -2.0
23.80457305908203 -2.0
23.90487790107727 -2.0
24.00510835647583 -2.0
24.105335235595703 -3.0
24.205540657043457 -3.0
24.30574631690979 -3.0
24.4059419631958 -3.0
24.50615358352661 -3.0
24.606410026550293 -3.0
24.706565141677856 -3.0
24.806897163391113 -3.0
24.907132148742676 -3.0
25.007384538650513 -3.0
25.10761046409607 -3.0
25.20787763595581 -3.0
25.308127880096436 -3.0
25.40833830833435 -3.0
25.508557081222534 -3.0
25.608783960342407 -3.0
25.71050190925598 0.0
25.81093454360962 0.0
25.911306619644165 0.0
26.01164722442627 0.0
26.112109661102295 -1.0
26.21248769760132 -1.0
26.312861680984497 -1.0
26.41324782371521 -1.0
26.513657569885254 -1.0
26.61402440071106 -1.0
26.714338302612305 -1.0
26.814744234085083 0.0
26.915170192718506 0.0
27.01555061340332 0.0
27.11604332923889 0.0
27.21656823158264 0.0
27.316814422607422 0.0
27.417086362838745 0.0
27.517379999160767 0.0
27.619085550308228 0.0
27.719585180282593 -1.0
27.820008516311646 -1.0
27.920368671417236 -1.0
28.020795583724976 -1.0
28.121222257614136 -1.0
28.221599578857422 -1.0
28.32206630706787 -1.0
28.42241406440735 -1.0
28.522672414779663 -1.0
28.622951984405518 -1.0
28.723437547683716 -1.0
28.824076414108276 -1.0
28.924577236175537 -1.0
29.024865865707397 -1.0
29.125194311141968 -1.0
29.225526094436646 -1.0
29.326141834259033 -1.0
29.42670464515686 -1.0
29.52693748474121 -1.0
29.62721848487854 -1.0
29.72750496864319 -1.0
29.82774257659912 -1.0
29.927993059158325 -1.0
30.028313875198364 -1.0
30.12854528427124 0.0
30.22891402244568 0.0
30.32920813560486 -2.0
30.429578065872192 -2.0
30.5298171043396 -2.0
30.630043983459473 -2.0
30.730257987976074 -2.0
30.83049488067627 -2.0
30.930959463119507 -2.0
31.031506776809692 -2.0
31.131772756576538 -2.0
31.23209500312805 -2.0
31.332921504974365 -2.0
31.43323302268982 -2.0
31.533578872680664 -2.0
31.63385272026062 -2.0
31.734108686447144 -2.0
31.83444309234619 -2.0
31.9347825050354 -2.0
32.03503632545471 -2.0
32.135396003723145 -2.0
32.235642194747925 -2.0
32.33588147163391 -2.0
32.43611288070679 -2.0
32.53648042678833 -2.0
32.63671278953552 -2.0
32.73694443702698 -2.0
32.83718252182007 -2.0
32.93749976158142 -2.0
33.03782844543457 -2.0
33.13819456100464 -2.0
33.23851132392883 -2.0
33.33879899978638 -2.0
33.4390869140625 -2.0
33.5393385887146 -2.0
33.6396427154541 -2.0
33.739850759506226 -2.0
33.840166091918945 -2.0
33.941131353378296 -2.0
34.041393756866455 0.0
34.14165639877319 0.0
34.24189472198486 0.0
34.3421676158905 0.0
34.442429065704346 0.0
34.54267930984497 -1.0
34.64291954040527 -1.0
34.74320697784424 -1.0
34.84340739250183 -1.0
34.94360685348511 -1.0
35.043830156326294 -1.0
35.14414119720459 -1.0
35.24433255195618 -1.0
35.34453535079956 -1.0
35.44480848312378 -1.0
35.545098304748535 -1.0
35.6453537940979 -1.0
35.74555706977844 -1.0
35.84576439857483 -1.0
35.94595527648926 -1.0
36.046170711517334 -1.0
36.14825415611267 -1.0
36.24870729446411 0.0
36.34893608093262 0.0
36.44935321807861 0.0
36.54972982406616 0.0
36.65062117576599 0.0
36.75096559524536 0.0
36.851359605789185 0.0
36.951714277267456 0.0
37.052085876464844 0.0
37.153770446777344 0.0
37.25419759750366 0.0
37.35442280769348 0.0
37.45459342002869 0.0
37.55496621131897 0.0
37.65520191192627 0.0
37.75546407699585 0.0
37.85586643218994 0.0
37.956119775772095 0.0
38.056450843811035 0.0
38.15811324119568 0.0
38.2585723400116 0.0
38.35883140563965 0.0
38.45911431312561 0.0
38.559630155563354 0.0
38.65989422798157 0.0
38.76009941101074 0.0
38.86033296585083 0.0
38.96068620681763 0.0
39.0610556602478 0.0
39.161792516708374 0.0
39.26219439506531 0.0
39.36257815361023 0.0
39.46297073364258 0.0
39.563313484191895 0.0
39.6636278629303 0.0
39.76385974884033 0.0
39.86409091949463 0.0
39.96438121795654 0.0
40.0645911693573 0.0
40.16485595703125 0.0
40.26505947113037 0.0
40.365325689315796 0.0
40.46552920341492 0.0
40.56578087806702 0.0
40.66615176200867 0.0
40.76638960838318 0.0
40.866666078567505 0.0
40.96696424484253 0.0
41.06727695465088 0.0
41.16756629943848 0.0
41.267910957336426 0.0
41.36816143989563 0.0
41.46836733818054 0.0
41.56854963302612 0.0
41.66874933242798 0.0
41.76894927024841 0.0
41.870786905288696 0.0
41.97116279602051 0.0
42.07138156890869 0.0
42.17163562774658 -2.0
42.271936893463135 -2.0
42.372193574905396 -2.0
42.47245478630066 0.0
42.57275319099426 -2.0
42.67306303977966 0.0
42.77341961860657 0.0
42.87381339073181 -2.0
42.974106311798096 -2.0
43.07445049285889 -2.0
43.17478036880493 -2.0
43.275026082992554 -2.0
43.375256061553955 -2.0
43.47558093070984 -2.0
43.57581090927124 -2.0
43.67604613304138 -2.0
43.77631092071533 -2.0
43.876596450805664 -2.0
43.97707748413086 -2.0
44.077327728271484 -2.0
44.17768955230713 -2.0
44.27792930603027 -2.0
44.37825632095337 -2.0
44.47857356071472 -2.0
44.578882694244385 -2.0
44.67921423912048 -2.0
44.77962112426758 -2.0
44.879945516586304 -2.0
44.980170488357544 -2.0
45.080400466918945 -2.0
45.18063282966614 -2.0
45.28089237213135 -2.0
45.38112139701843 -2.0
45.48136067390442 -2.0
45.581669092178345 -2.0
45.68193316459656 -2.0
45.78225231170654 -2.0
45.882495403289795 -2.0
45.98273801803589 -2.0
46.08295392990112 -2.0
46.18319368362427 -2.0
46.28339505195618 -2.0
46.38364028930664 -2.0
46.483853340148926 -2.0
46.584097385406494 -2.0
46.68447709083557 -2.0
46.7847261428833 -2.0
46.88497233390808 0.0
46.98527145385742 0.0
47.085596323013306 0.0
47.18592286109924 0.0
47.28631067276001 0.0
47.386741399765015 0.0
47.487263679504395 0.0
47.58761477470398 0.0
47.68801689147949 0.0
47.78842806816101 0.0
47.88883876800537 0.0
47.98949646949768 0.0
48.08989977836609 -2.0
48.19027638435364 -2.0
48.29057550430298 -2.0
48.3909478187561 -2.0
48.49142670631409 -2.0
48.59211540222168 -2.0
48.692989349365234 -2.0
48.7934672832489 -2.0
48.8939425945282 -2.0
48.99449563026428 -2.0
49.09493613243103 -2.0
49.195165395736694 -2.0
49.29554605484009 -2.0
49.39608716964722 -2.0
49.4964554309845 -2.0
49.59672713279724 -2.0
49.69705390930176 -2.0
49.797544956207275 -2.0
49.897831201553345 -2.0
49.99806499481201 -2.0
50.09834837913513 -2.0
50.19856810569763 -2.0
50.29884195327759 -2.0
50.39929747581482 -2.0
50.49956035614014 -2.0
50.599799394607544 -2.0
50.700021743774414 -2.0
50.800310134887695 -2.0
50.900659799575806 -2.0
51.00093102455139 -2.0
51.101179361343384 -2.0
51.20155739784241 0.0
51.30177903175354 0.0
51.401981592178345 0.0
51.50232553482056 0.0
51.603363037109375 0.0
51.703577756881714 0.0
51.80380082130432 0.0
51.90412521362305 0.0
52.004326820373535 0.0
52.1045355796814 0.0
52.204763889312744 0.0
52.30523324012756 0.0
52.40544295310974 0.0
52.50584554672241 0.0
52.60700488090515 0.0
52.70722794532776 0.0
52.80747389793396 0.0
52.90766978263855 0.0
53.00793671607971 0.0
53.10827827453613 0.0
53.20852518081665 0.0
53.30875611305237 0.0
53.408933877944946 0.0
53.50912165641785 0.0
53.609336137771606 0.0
53.70954751968384 0.0
53.80979061126709 0.0
53.910075187683105 0.0
54.01025652885437 0.0
54.11047172546387 0.0
54.21056008338928 0.0
54.31074357032776 0.0
54.410935401916504 0.0
54.511120319366455 0.0
54.61282134056091 0.0
54.71318602561951 0.0
54.81340479850769 0.0
54.913589000701904 0.0
55.01377248764038 0.0
55.114015340805054 0.0
55.21428632736206 0.0
55.314536571502686 0.0
55.41479229927063 0.0
55.515002965927124 0.0
55.61525869369507 0.0
55.71548390388489 0.0
55.81573748588562 0.0
55.91592264175415 0.0
56.0161190032959 0.0
56.11634111404419 0.0
56.21652936935425 0.0
56.31672143936157 0.0
56.41690111160278 0.0
56.51707696914673 0.0
56.61727213859558 0.0
56.71751427650452 0.0
56.81770920753479 0.0
56.917914152145386 0.0
57.01821303367615 0.0
57.11840796470642 0.0
57.218711376190186 0.0
57.31969141960144 0.0
57.41995573043823 0.0
57.52027916908264 0.0
57.621232748031616 0.0
57.72151255607605 0.0
57.82176852226257 0.0
57.921990156173706 0.0
58.02221965789795 0.0
58.122562646865845 0.0
58.22278380393982 0.0
58.32300066947937 0.0
58.4232816696167 0.0
58.52364897727966 0.0
58.62423324584961 0.0
58.724772930145264 0.0
58.82524490356445 0.0
58.925666093826294 0.0
59.02619123458862 0.0
59.12671518325806 0.0
59.227120876312256 0.0
59.327592849731445 0.0
59.42814540863037 0.0
59.528502225875854 0.0
59.628917932510376 0.0
59.72937774658203 0.0
59.82981538772583 0.0
59.930416107177734 0.0
